,tweet_id,favorites,retweet_count
0,892420643555336193,33726,6979
1,892177421306343426,29256,5280
2,891815181378084864,21990,3466
3,891689557279858688,36820,7201
4,891327558926688256,35214,7723
5,891087950875897856,17760,2590
6,890971913173991426,10340,1649
7,890729181411237888,56705,15698
8,890609185150312448,24457,3605
9,890240255349198849,27874,6083
10,890006608113172480,26972,6121
11,889880896479866881,24500,4145
12,889665388333682689,41920,8314
13,889638837579907072,23605,3702
14,889531135344209921,13319,1874
15,889278841981685760,22052,4427
16,888917238123831296,25552,3747
17,888804989199671297,22404,3518
18,888554962724278272,17269,2868
19,888078434458587136,19116,2886
20,887705289381826560,26554,4522
21,887517139158093824,40611,9821
22,887473957103951883,60029,14976
23,887343217045368832,29516,8789
24,887101392804085760,26916,4975
25,886983233522544640,30278,6294
26,886736880519319552,10466,2620
27,886680336477933568,19678,3724
28,886366144734445568,18502,2615
29,886267009285017600,105,4
30,886258384151887873,24461,5262
31,886054160059072513,0,93
32,885984800019947520,28531,5592
33,885528943205470208,31519,5312
34,885518971528720385,17965,3100
35,885311592912609280,0,15387
36,885167619883638784,19204,3655
37,884925521741709313,67095,14961
38,884876753390489601,24321,4648
39,884562892145688576,21262,3897
40,884441805382717440,23803,4779
41,884247878851493888,63086,16850
42,884162670584377345,17907,2496
43,883838122936631299,19114,2850
44,883482846933004288,40089,8232
45,883360690899218434,19897,3061
46,883117836046086144,32422,5513
47,882992080364220416,20930,3232
48,882762694511734784,24722,4082
49,882627270321602560,24545,5047
50,882268110199369728,39083,9592
51,882045870035918850,25658,4070
52,881906580714921986,21395,2842
53,881666595344535552,44436,8923
54,881633300179243008,113,8
55,881536004380872706,43332,13358
56,881268444196462592,20440,4486
57,880935762899988482,15006,2329
58,880872448815771648,18675,3193
59,880465832366813184,24959,5198
60,880221127280381952,23600,3455
61,880095782870896641,24260,3638
62,879862464715927552,19658,2915
63,879674319642796034,282,9
64,879492040517615616,20662,2623
65,879415818425184262,92608,37309
66,879376492567855104,14822,2637
67,879130579576475649,0,5716
68,879050749262655488,19768,3939
69,879008229531029506,16744,2233
70,878776093423087618,17096,3422
71,878604707211726852,26373,5907
72,878404777348136964,0,1074
73,878316110768087041,0,5508
74,878281511006478336,6763,1074
75,878057613040115712,37056,5716
76,877736472329191424,69103,15747
77,877611172832227328,0,70
78,877556246731214848,19848,3158
79,877316821321428993,24083,4328
80,877201837425926144,23807,4609
81,876838120628539392,18178,2796
82,876537666061221889,21007,3963
83,876484053909872640,16519,1992
84,876120275196170240,24634,3892
85,875747767867523072,22051,3572
86,875144289856114688,19383,4136
87,875097192612077568,24195,5100
88,875021211251597312,22500,3957
89,874680097055178752,24545,3908
90,874434818259525634,0,12171
91,874296783580663808,22903,3472
92,874057562936811520,20064,3368
93,874012996292530176,30048,8564
94,873580283840344065,21336,3334
95,873337748698140672,0,1326
96,873213775632977920,6305,1326
97,872967104147763200,24006,4546
98,872820683541237760,13046,3159
99,872620804844003328,18271,3059
100,872486979161796608,36027,7694
101,872122724285648897,30139,6811
102,871879754684805121,33002,9214
103,871762521631449091,17842,2959
104,871515927908634625,17859,2928
105,871166179821445120,0,4880
106,871102520638267392,18502,4662
107,871032628920680449,20114,3215
108,870804317367881728,29725,5270
109,870726314365509632,105,3
110,870656317836468226,10869,2193
111,870374049280663552,73790,22682
112,870308999962521604,19436,3539
113,870063196459192321,32336,7053
114,869772420881756160,37924,8666
115,869702957897576449,24986,5367
116,869596645499047938,14159,2630
117,869227993411051520,18092,3192
118,868880397819494401,57818,12215
119,868639477480148993,0,1745
120,868622495443632128,23589,4448
121,868552278524837888,8945,1745
122,867900495410671616,21553,3556
123,867774946302451713,30206,6232
124,867421006826221569,14313,2110
125,867072653475098625,0,101
126,867051520902168576,28637,6760
127,866720684873056260,17826,4123
128,866686824827068416,17083,2957
129,866450705531457537,108599,30096
130,866334964761202691,46472,12171
131,866094527597207552,0,7142
132,865718153858494464,22872,4824
133,865359393868664832,23547,4274
134,865006731092295680,24992,6642
135,864873206498414592,28788,7482
136,864279568663928832,13046,2573
137,864197398364647424,26591,7561
138,863907417377173506,18401,3581
139,863553081350529029,13644,3617
140,863471782782697472,0,2087
141,863432100342583297,21249,4545
142,863427515083354112,1956,80
143,863079547188785154,7883,950
144,863062471531167744,7507,2087
145,862831371563274240,17192,4450
146,862722525377298433,15308,3081
147,862457590147678208,18234,4233
148,862096992088072192,66123,19926
149,861383897657036800,32210,9241
150,861288531465048066,15317,3579
151,861005113778896900,14959,3322
152,860981674716409858,0,1852
153,860924035999428608,0,676
154,860563773140209665,6709,1852
155,860524505164394496,21207,4591
156,860276583193509888,16545,3058
157,860184849394610176,14980,5109
158,860177593139703809,0,26652
159,859924526012018688,17593,3573
160,859851578198683649,13955,3062
161,859607811541651456,16804,1361
162,859196978902773760,80362,26197
163,859074603037188101,30367,11930
164,858860390427611136,0,7062
165,858843525470990336,14094,3018
166,858471635011153920,19437,4247
167,858107933456039936,14209,2535
168,857989990357356544,14466,2261
169,857746408056729600,30743,9323
170,857393404942143489,5296,1438
171,857263160327368704,18216,3965
172,857214891891077121,203,16
173,857062103051644929,0,146
174,857029823797047296,17014,3477
175,856543823941562368,14807,2539
176,856526610513747968,10802,1651
177,856288084350160898,488,15
178,856282028240666624,25185,5566
179,855862651834028034,303,21
180,855860136149123072,4400,851
181,855857698524602368,10840,1854
182,855851453814013952,41847,16096
183,855818117272018944,24234,4803
184,855459453768019968,27040,7291
185,855245323840757760,0,5254
186,855138241867124737,0,36
187,854732716440526848,20644,5336
188,854482394044301312,26524,6006
189,854365224396361728,17164,4136
190,854120357044912130,29173,6580
191,854010172552949760,14819,2787
192,853760880890318849,26026,5107
193,853639147608842240,31497,8855
194,853299958564483072,14146,3165
195,852936405516943360,0,1783
196,852912242202992640,8237,1596
197,852672615818899456,13622,1906
198,852553447878664193,14878,3106
199,852311364735569921,30295,8857
200,852226086759018497,18318,6077
201,852189679701164033,10561,1417
202,851591660324737024,14933,3123
203,851464819735769094,22224,6296
204,851224888060895234,19006,5164
205,850753642995093505,28101,8061
206,850380195714523136,12060,2326
207,850333567704068097,3188,301
208,850145622816686080,15026,3388
209,850019790995546112,18755,4359
210,849776966551130114,27873,6803
211,849668094696017920,0,4438
212,849412302885593088,14653,2823
213,849336543269576704,10545,1686
214,849051919805034497,38949,7605
215,848690551926992896,23245,3915
216,848324959059550208,22803,4143
217,848213670039564288,7535,644
218,848212111729840128,15018,2712
219,847978865427394560,0,2917
220,847971574464610304,0,394
221,847962785489326080,21708,4567
222,847842811428974592,5007,1186
223,847617282490613760,6467,376
224,847606175596138505,17333,3079
225,847251039262605312,18945,3909
226,847157206088847362,18354,5247
227,847116187444137987,19851,2872
228,846874817362120707,18595,3544
229,846514051647705089,41130,10362
230,846505985330044928,13054,2755
231,846153765933735936,29065,8156
232,846139713627017216,28766,9153
233,846042936437604353,14789,2582
234,845812042753855489,26978,7849
235,845677943972139009,23398,4373
236,845397057150107648,7076,1620
237,845306882940190720,21587,4848
238,845098359547420673,0,6931
239,844979544864018432,12658,2307
240,844973813909606400,13913,2845
241,844580511645339650,15275,2809
242,844223788422217728,12683,1987
243,843981021012017153,14096,2699
244,843856843873095681,19940,4166
245,843604394117681152,15681,2477
246,843235543001513987,19942,5395
247,842846295480000512,14199,3313
248,842765311967449089,6286,1176
249,842535590457499648,16895,3171
250,842163532590374912,22699,5254
251,842115215311396866,13015,2756
252,841833993020538882,0,13544
253,841680585030541313,24018,7147
254,841439858740625411,11717,3314
255,841320156043304961,18395,5013
256,841314665196081154,14729,4230
257,841077006473256960,21310,4880
258,840761248237133825,0,1620
259,840728873075638272,0,14570
260,840698636975636481,163,2
261,840696689258311684,11471,889
262,840632337062862849,8418,1620
263,840370681858686976,15325,4174
264,840268004936019968,17877,5206
265,839990271299457024,12510,2065
266,839549326359670784,25543,7062
267,839290600511926273,0,132
268,839239871831150596,25208,5925
269,838952994649550848,18344,3659
270,838921590096166913,10415,1854
271,838916489579200512,0,31
272,838831947270979586,0,10011
273,838561493054533637,10238,1231
274,838476387338051585,20945,4337
275,838201503651401729,0,9168
276,838150277551247360,1567,303
277,838085839343206401,134,1
278,838083903487373313,16443,2837
279,837820167694528512,31800,7142
280,837482249356513284,3603,405
281,837471256429613056,11972,2059
282,837110210464448512,15060,2177
283,836989968035819520,11938,2110
284,836753516572119041,18101,4260
285,836677758902222849,11833,2021
286,836648853927522308,0,507
287,836397794269200385,0,25041
288,836380477523124226,13893,2745
289,836260088725786625,19937,3977
290,836001077879255040,17871,3885
291,835685285446955009,0,7409
292,835574547218894849,16628,3295
293,835536468978302976,0,1540
294,835309094223372289,0,19134
295,835297930240217089,15420,2734
296,835264098648616962,7225,1540
297,835246439529840640,1989,63
298,835172783151792128,24539,5288
299,835152434251116546,20926,2755
300,834931633769889797,10087,1490
301,834786237630337024,20195,5105
302,834574053763584002,12800,2307
303,834477809192075265,0,9752
304,834458053273591808,9023,1546
305,834209720923721728,19222,4318
306,834167344700198914,14815,3359
307,834089966724603904,9437,1962
308,834086379323871233,12222,2039
309,833863086058651648,12604,2209
310,833826103416520705,17059,3485
311,833732339549220864,0,205
312,833722901757046785,19654,2994
313,833479644947025920,13983,1888
314,833124694597443584,18973,4438
315,832998151111966721,12407,2010
316,832769181346996225,0,38
317,832757312314028032,15822,3314
318,832682457690300417,11131,2665
319,832645525019123713,2733,484
320,832636094638288896,14869,2558
321,832397543355072512,11224,2036
322,832369877331693569,16057,2917
323,832273440279240704,10642,2142
324,832215909146226688,0,5714
325,832215726631055365,0,8577
326,832088576586297345,59,2
327,832040443403784192,0,8809
328,832032802820481025,16751,4296
329,831939777352105988,22452,5649
330,831926988323639298,319,34
331,831911600680497154,25802,5962
332,831670449226514432,9773,1686
333,831650051525054464,6671,1783
334,831552930092285952,8442,2158
335,831322785565769729,8740,1441
336,831315979191906304,6167,1036
337,831309418084069378,11079,2263
338,831262627380748289,11140,1886
339,830956169170665475,7502,1374
340,830583320585068544,62264,15387
341,830173239259324417,0,5229
342,830097400375152640,9140,2690
343,829878982036299777,0,4593
344,829861396166877184,11500,1790
345,829501995190984704,29841,9752
346,829449946868879360,9854,1859
347,829141528400556032,22873,6756
348,829011960981237760,50186,15070
349,828801551087042563,0,3153
350,828770345708580865,24037,5386
351,828708714936930305,34192,10302
352,828650029636317184,8937,1233
353,828409743546925057,6033,1078
354,828408677031882754,7240,1183
355,828381636999917570,11848,2056
356,828376505180889089,6974,991
357,828372645993398273,11847,2723
358,828361771580813312,2064,165
359,828046555563323392,11034,2650
360,828011680017821696,9753,1982
361,827933404142436356,18803,4820
362,827653905312006145,14551,2789
363,827600520311402496,7050,864
364,827324948884643840,14924,2802
365,827199976799354881,9980,2057
366,826958653328592898,20276,4593
367,826848821049180160,33986,9311
368,826615380357632002,0,3673
369,826598799820865537,4851,229
370,826598365270007810,9427,2174
371,826476773533745153,17338,3888
372,826240494070030336,12508,2411
373,826204788643753985,4590,855
374,826115272272650244,14704,2863
375,825876512159186944,9912,1735
376,825829644528148480,11993,2326
377,825535076884762624,53860,16320
378,825147591692263424,17219,4172
379,825120256414846976,0,1166
380,825026590719483904,5896,1166
381,824796380199809024,0,5081
382,824775126675836928,14030,3264
383,824663926340194305,9926,1639
384,824325613288833024,11147,9860
385,824297048279236611,14191,3560
386,824025158776213504,4572,556
387,823939628516474880,10039,2525
388,823719002937630720,0,10324
389,823699002998870016,13178,2331
390,823581115634085888,12235,2435
391,823333489516937216,662,22
392,823322678127919110,14787,3711
393,823269594223824897,0,9194
394,822975315408461824,16336,3194
395,822872901745569793,123771,39814
396,822859134160621569,12424,2107
397,822647212903690241,0,5941
398,822610361945911296,13934,2724
399,822489057087389700,17067,5941
400,822462944365645825,26230,13098
401,822244816520155136,33036,9194
402,822163064745328640,0,4363
403,821886076407029760,10658,2133
404,821813639212650496,0,3117
405,821765923262631936,7888,1555
406,821522889702862852,7554,1627
407,821421320206483457,0,5116
408,821407182352777218,11078,3981
409,821153421864615936,236,9
410,821149554670182400,8091,1821
411,821107785811234820,9043,1967
412,821044531881721856,11920,2117
413,820837357901512704,0,6222
414,820749716845686786,29757,9168
415,820690176645140481,11560,2994
416,820494788566847489,0,521
417,820446719150292993,0,2383
418,820314633777061888,3151,521
419,820078625395449857,18594,5769
420,820013781606658049,0,1080
421,819952236453363712,5012,1080
422,819924195358416896,12206,4531
423,819711362133872643,12591,2865
424,819588359383371776,9140,1865
425,819347104292290561,6818,1115
426,819238181065359361,2133,379
427,819227688460238848,21748,6222
428,819015337530290176,0,34454
429,819015331746349057,0,17744
430,819006400881917954,42919,17744
431,819004803107983360,82485,34455
432,818646164899774465,0,19383
433,818627210458333184,21169,7043
434,818614493328580609,9280,2347
435,818588835076603904,0,5672
436,818536468981415936,10247,2265
437,818307523543449600,0,7434
438,818259473185828864,10392,2074
439,818145370475810820,11590,2362
440,817908911860748288,4596,739
441,817827839487737858,48490,25041
442,817777686764523521,10201,2517
443,817536400337801217,11086,2723
444,817502432452313088,0,3134
445,817423860136083457,31759,13544
446,817415592588222464,5285,885
447,817181837579653120,0,7838
448,817171292965273600,8288,1861
449,817120970343411712,11515,2407
450,817056546584727552,8116,1510
451,816829038950027264,0,4375
452,816816676327063552,9454,1885
453,816697700272001025,9218,2049
454,816450570814898180,28605,7434
455,816336735214911488,8153,1796
456,816091915477250048,8465,1980
457,816062466425819140,0,944
458,816014286006976512,0,4865
459,815990720817401858,4679,944
460,815966073409433600,21078,7838
461,815745968457060357,0,3846
462,815736392542261248,9281,2111
463,815639385530101762,7804,1549
464,815390420867969024,9807,3558
465,814986499976527872,7247,1183
466,814638523311648768,10670,2518
467,814578408554463233,0,5441
468,814530161257443328,8201,1736
469,814153002265309185,27187,8084
470,813944609378369540,0,2947
471,813910438903693312,8838,1727
472,813812741911748608,34547,13001
473,813800681631023104,7871,1643
474,813217897535406080,17637,6832
475,813202720496779264,8753,1701
476,813187593374461952,18777,4035
477,813172488309972993,8787,1805
478,813157409116065792,7365,2061
479,813142292504645637,8070,2238
480,813130366689148928,4255,418
481,813127251579564032,11183,2914
482,813112105746448384,9777,2555
483,813096984823349248,10015,3373
484,813081950185472002,9408,2587
485,813066809284972545,7531,1822
486,813051746834595840,19894,6823
487,812781120811126785,7135,1784
488,812709060537683968,6279,1349
489,812503143955202048,5732,1148
490,812466873996607488,7559,1796
491,812372279581671427,12904,3415
492,811985624773361665,6897,1308
493,811744202451197953,7143,1470
494,811647686436880384,5306,681
495,811627233043480576,12048,2841
496,811386762094317568,19814,5963
497,810984652412424192,5045,1328
498,810896069567610880,8516,1639
499,810657578271330305,10411,2461
500,810284430598270976,33234,10474
501,810254108431155201,13941,3153
502,809920764300447744,14752,3673
503,809808892968534016,0,4557
504,809448704142938112,6594,1363
505,809220051211603969,18830,5229
506,809084759137812480,12533,3288
507,808838249661788160,9619,2858
508,808733504066486276,7475,2029
509,808501579447930884,10733,2452
510,808344865868283904,40087,19383
511,808134635716833280,0,5495
512,808106460588765185,8366,2064
513,808001312164028416,11824,3297
514,807621403335917568,13811,3375
515,807106840509214720,111341,51492
516,807059379405148160,0,6870
517,807010152071229440,12441,3622
518,806629075125202948,70410,32263
519,806620845233815552,0,5126
520,806576416489959424,4653,1819
521,806542213899489280,9714,2213
522,806242860592926720,0,10844
523,806219024703037440,6122,1132
524,805958939288408065,0,4997
525,805932879469572096,7864,1796
526,805826884734976000,6226,1710
527,805823200554876929,0,7446
528,805520635690676224,5473,1548
529,805487436403003392,8328,2370
530,805207613751304193,7469,1624
531,804738756058218496,12948,3592
532,804475857670639616,5828,1886
533,804413760345620481,0,3000
534,804026241225523202,41951,14992
535,803773340896923648,9534,2581
536,803692223237865472,0,6909
537,803638050916102144,10356,3876
538,803380650405482500,7373,1766
539,803321560782307329,0,4939
540,803276597545603072,9525,2292
541,802952499103731712,8563,1868
542,802624713319034886,0,2717
543,802600418706604034,6750,1378
544,802572683846291456,8497,2349
545,802323869084381190,15309,5459
546,802265048156610565,6610,1289
547,802239329049477120,8632,2451
548,802185808107208704,0,250
549,801958328846974976,7351,1593
550,801854953262350336,1722,218
551,801538201127157760,7797,1950
552,801285448605831168,5728,770
553,801167903437357056,23122,5495
554,801127390143516673,0,3691
555,801115127852503040,7666,1982
556,800859414831898624,643,90
557,800855607700029440,0,1512
558,800751577355128832,10073,2621
559,800513324630806528,12470,2817
560,800459316964663297,9028,2056
561,800443802682937345,0,4012
562,800388270626521089,10585,2630
563,800188575492947969,0,3681
564,800141422401830912,14484,2383
565,800018252395122689,26830,12265
566,799774291445383169,0,4358
567,799757965289017345,7955,2000
568,799422933579902976,7676,1796
569,799308762079035393,0,5064
570,799297110730567681,9369,2553
571,799063482566066176,7681,2337
572,798933969379225600,12395,4146
573,798925684722855936,7149,1356
574,798705661114773508,0,6194
575,798701998996647937,0,7216
576,798697898615730177,0,6076
577,798694562394996736,0,4631
578,798686750113755136,0,2174
579,798682547630837760,0,4421
580,798673117451325440,0,5208
581,798665375516884993,0,3667
582,798644042770751489,0,1739
583,798628517273620480,0,1858
584,798585098161549313,0,5254
585,798576900688019456,0,5459
586,798340744599797760,0,3133
587,798209839306514432,9904,2418
588,797971864723324932,10931,2881
589,797545162159308800,13846,4606
590,797236660651966464,18878,6140
591,797165961484890113,212,24
592,796904159865868288,0,8335
593,796865951799083009,7292,1825
594,796759840936919040,11183,2824
595,796563435802726400,0,6713
596,796484825502875648,7169,1648
597,796387464403357696,10440,3881
598,796177847564038144,0,13329
599,796149749086875649,30441,13329
600,796125600683540480,4726,1680
601,796116448414461957,8616,2245
602,796080075804475393,8003,2158
603,796031486298386433,10245,3494
604,795464331001561088,46664,21901
605,795400264262053889,9483,2677
606,795076730285391872,15317,5081
607,794983741416415232,0,3150
608,794926597468000259,9658,2153
609,794355576146903043,0,9634
610,794332329137291264,9109,2533
611,794205286408003585,8758,3104
612,793962221541933056,15863,4557
613,793845145112371200,8749,1740
614,793614319594401792,0,2919
615,793601777308463104,7563,1513
616,793500921481273345,10094,2227
617,793286476301799424,23300,8577
618,793271401113350145,8235,2240
619,793256262322548741,18895,7776
620,793241302385262592,9966,3065
621,793226087023144960,9270,2708
622,793210959003287553,8462,2600
623,793195938047070209,14418,5258
624,793180763617361921,6548,1859
625,793165685325201412,8879,2621
626,793150605191548928,5833,1592
627,793135492858580992,6065,2349
628,793120401413079041,11995,3672
629,792913359805018113,13556,3703
630,792883833364439040,10689,3993
631,792773781206999040,6987,1569
632,792394556390137856,12693,4009
633,792050063153438720,6759,1667
634,791821351946420224,0,19644
635,791784077045166082,0,8858
636,791780927877898241,0,3547
637,791774931465953280,42660,20698
638,791672322847637504,11120,2919
639,791406955684368384,12468,3846
640,791312159183634433,8305,2359
641,791026214425268224,0,3795
642,790987426131050500,9286,1981
643,790946055508652032,15834,4375
644,790723298204217344,0,2140
645,790698755171364864,7786,1798
646,790581949425475584,19511,6625
647,790337589677002753,7410,1763
648,790277117346975746,11873,2947
649,790227638568808452,0,3297
650,789986466051088384,8788,2140
651,789960241177853952,0,3811
652,789903600034189313,9763,3872
653,789628658055020548,7066,1639
654,789599242079838210,6369,1788
655,789530877013393408,11063,3150
656,789314372632018944,8182,2132
657,789280767834746880,0,4577
658,789268448748703744,8634,2438
659,789137962068021249,9208,2601
660,788908386943430656,26019,11680
661,788765914992902144,25851,9634
662,788552643979468800,0,6634
663,788412144018661376,14686,4910
664,788178268662984705,6880,1968
665,788150585577050112,5782,1196
666,788070120937619456,0,3203
667,788039637453406209,5779,1221
668,787810552592695296,8136,2833
669,787717603741622272,9694,2580
670,787397959788929025,10311,2659
671,787322443945877504,7375,1621
672,787111942498508800,0,6283
673,786963064373534720,25227,7409
674,786729988674449408,0,2270
675,786709082849828864,17331,5714
676,786664955043049472,10030,2359
677,786595970293370880,8960,2905
678,786363235746385920,10254,3207
679,786286427768250368,7550,2637
680,786233965241827333,14373,4363
681,786051337297522688,1352,145
682,786036967502913536,0,6481
683,785927819176054784,10780,2975
684,785872687017132033,6325,1667
685,785639753186217984,7439,2100
686,785533386513321988,8564,1833
687,785515384317313025,5775,1158
688,785264754247995392,6892,1513
689,785170936622350336,11332,4483
690,784826020293709826,9558,3000
691,784517518371221505,8473,2359
692,784431430411685888,5436,1181
693,784183165795655680,18904,7446
694,784057939640352768,28031,10324
695,783839966405230592,28326,10011
696,783821107061198850,6958,1822
697,783695101801398276,9840,2983
698,783466772167098368,7951,2073
699,783391753726550016,15959,5074
700,783347506784731136,0,5131
701,783334639985389568,27411,10844
702,783085703974514689,7718,2018
703,782969140009107456,22773,6870
704,782747134529531904,7054,1316
705,782722598790725632,16256,4997
706,782598640137187329,7370,1763
707,782305867769217024,15679,5116
708,782021823840026624,0,5714
709,781955203444699136,10544,3128
710,781661882474196992,9846,2512
711,781655249211752448,3770,1048
712,781524693396357120,19541,5126
713,781308096455073793,6729,2378
714,781251288990355457,7903,1922
715,781163403222056960,9250,2574
716,780931614150983680,20449,6713
717,780858289093574656,6784,1858
718,780800785462489090,5179,1199
719,780601303617732608,11404,3117
720,780543529827336192,5937,1623
721,780496263422808064,0,3411
722,780476555013349377,0,103
723,780459368902959104,4983,1000
724,780192070812196864,8189,2077
725,780092040432480260,0,2122
726,780074436359819264,11397,4557
727,779834332596887552,17713,6481
728,779377524342161408,8237,2874
729,779124354206535695,0,16954
730,779056095788752897,13855,4197
731,778990705243029504,18704,6636
732,778774459159379968,0,9122
733,778764940568104960,819,337
734,778748913645780993,6446,1203
735,778650543019483137,5410,1385
736,778624900596654080,4331,940
737,778408200802557953,12841,3996
738,778396591732486144,0,11298
739,778383385161035776,5494,1018
740,778286810187399168,9722,3055
741,778039087836069888,7967,2454
742,778027034220126208,6184,1491
743,777953400541634568,0,3257
744,777885040357281792,5984,1511
745,777684233540206592,10595,2717
746,777641927919427584,0,3907
747,777621514455814149,8204,2332
748,777189768882946048,13284,3974
749,776819012571455488,0,12550
750,776813020089548800,4595,1111
751,776477788987613185,8225,2551
752,776249906839351296,0,8422
753,776218204058357768,28028,14657
754,776201521193218049,9008,2330
755,776113305656188928,11082,4012
756,776088319444877312,1711,141
757,775898661951791106,0,15472
758,775842724423557120,11007,2454
759,775733305207554048,13036,3691
760,775729183532220416,12244,4263
761,775364825476165632,6928,2708
762,775350846108426240,9553,3616
763,775085132600442880,14595,4358
764,774757898236878852,8115,1650
765,774639387460112384,6351,1610
766,774314403806253056,20485,5064
767,773985732834758656,10137,3575
768,773922284943896577,6048,1619
769,773704687002451968,6224,1494
770,773670353721753600,5044,1220
771,773547596996571136,20780,5672
772,773336787167145985,0,4660
773,773308824254029826,21925,6931
774,773247561583001600,8858,2996
775,773191612633579521,9364,3794
776,772877495989305348,8033,3569
777,772826264096874500,7557,2202
778,772615324260794368,0,3109
779,772581559778025472,6090,1580
780,772193107915964416,5666,1285
781,772152991789019136,3582,1049
782,772117678702071809,3541,686
783,772114945936949249,2577,440
784,772102971039580160,3765,862
785,771908950375665664,6165,1749
786,771770456517009408,11255,3133
787,771500966810099713,7758,2416
788,771380798096281600,9889,4660
789,771171053431250945,0,6871
790,771136648247640064,8584,2703
791,771102124360998913,5849,1326
792,771014301343748096,6469,1534
793,770787852854652928,4608,1100
794,770772759874076672,4876,1322
795,770655142660169732,6908,1665
796,770414278348247044,5930,1921
797,770293558247038976,5837,1352
798,770093767776997377,0,2806
799,770069151037685760,7126,2119
800,769940425801170949,29232,8809
801,769695466921623552,6029,1560
802,769335591808995329,0,7108
803,769212283578875904,5072,1593
804,768970937022709760,13368,5979
805,768909767477751808,0,2430
806,768855141948723200,3919,822
807,768609597686943744,3848,1095
808,768596291618299904,4725,1185
809,768554158521745409,0,5370
810,768473857036525572,12749,3152
811,768193404517830656,10162,3257
812,767884188863397888,4457,1264
813,767754930266464257,14949,4939
814,767500508068192258,7033,2143
815,767191397493538821,11505,3458
816,767122157629476866,9527,2631
817,766714921925144576,2459,345
818,766693177336135680,3784,727
819,766423258543644672,5621,1450
820,766313316352462849,6327,1728
821,766078092750233600,0,2411
822,766069199026450432,3931,770
823,766008592277377025,3527,457
824,765719909049503744,6788,1988
825,765669560888528897,4845,1129
826,765395769549590528,25069,3100
827,765371061932261376,6665,1998
828,765222098633691136,10897,3109
829,764857477905154048,6063,1643
830,764259802650378240,5624,1385
831,763956972077010945,731,49
832,763837565564780549,11725,3795
833,763183847194451968,5050,1353
834,763167063695355904,0,2744
835,763103485927849985,6910,2110
836,762699858130116608,11337,3297
837,762471784394268675,10492,5891
838,762464539388485633,9620,3811
839,762316489655476224,4494,1027
840,762035686371364864,29744,14255
841,761976711479193600,5032,1818
842,761750502866649088,0,3579
843,761745352076779520,4009,792
844,761672994376806400,46183,26652
845,761599872357261312,3876,1097
846,761371037149827077,0,16600
847,761334018830917632,4816,1334
848,761292947749015552,4177,998
849,761227390836215808,4989,1440
850,761004547850530816,10624,3203
851,760893934457552897,3566,886
852,760656994973933572,6166,1746
853,760641137271070720,4663,1186
854,760539183865880579,7061,3329
855,760521673607086080,3917,1278
856,760290219849637889,25019,10541
857,760252756032651264,3700,796
858,760190180481531904,5340,1648
859,760153949710192640,0,28
860,759943073749200896,5521,1926
861,759846353224826880,6276,1795
862,759793422261743616,5566,1757
863,759557299618865152,4389,1101
864,759447681597108224,7927,2270
865,759446261539934208,1562,453
866,759197388317847553,5687,1798
867,759159934323924993,0,1065
868,759099523532779520,13588,3810
869,759047813560868866,6060,1845
870,758854675097526272,3315,839
871,758828659922702336,10455,3542
872,758740312047005698,5368,1496
873,758474966123810816,3550,912
874,758467244762497024,4467,2025
875,758405701903519748,4861,1758
876,758355060040593408,3147,957
877,758099635764359168,17672,9122
878,758041019896193024,2523,338
879,757741869644341248,6398,3017
880,757729163776290825,0,7188
881,757725642876129280,4248,1108
882,757611664640446465,4285,1005
883,757597904299253760,0,277
884,757596066325864448,4062,954
885,757400162377592832,14114,6301
886,757393109802180609,5436,1574
887,757354760399941633,4202,1298
888,756998049151549440,5861,1830
889,756939218950160384,6196,1831
890,756651752796094464,4694,1190
891,756526248105566208,9683,3289
892,756303284449767430,3684,1002
893,756288534030475264,41121,16265
894,756275833623502848,5965,1402
895,755955933503782912,6814,2620
896,755206590534418437,15280,4894
897,755110668769038337,19692,10159
898,754874841593970688,0,7220
899,754856583969079297,6433,2308
900,754747087846248448,2411,476
901,754482103782404096,4926,1787
902,754449512966619136,3501,671
903,754120377874386944,7374,2158
904,753655901052166144,5441,1989
905,753420520834629632,7328,3232
906,753398408988139520,5347,1727
907,753375668877008896,7119,2122
908,753298634498793472,0,5195
909,753294487569522689,3125,956
910,753039830821511168,34534,19134
911,753026973505581056,3645,874
912,752932432744185856,11730,6283
913,752917284578922496,6498,1438
914,752701944171524096,0,2610
915,752682090207055872,5592,1456
916,752660715232722944,4070,1419
917,752568224206688256,5106,2078
918,752519690950500352,6841,3149
919,752334515931054080,3589,1006
920,752309394570878976,0,14869
921,752173152931807232,5535,1668
922,751950017322246144,2847,830
923,751937170840121344,4823,1195
924,751830394383790080,5430,1784
925,751793661361422336,5386,2610
926,751598357617971201,7395,2826
927,751583847268179968,4099,1001
928,751538714308972544,4705,1144
929,751456908746354688,3000,921
930,751251247299190784,11717,5376
931,751205363882532864,5893,1663
932,751132876104687617,4720,1181
933,750868782890057730,4449,1242
934,750719632563142656,12235,4577
935,750506206503038976,4129,1048
936,750429297815552001,12284,3907
937,750383411068534784,4256,1038
938,750381685133418496,668,26
939,750147208377409536,2904,873
940,750132105863102464,3361,1177
941,750117059602808832,4044,1204
942,750101899009982464,2839,774
943,750086836815486976,2024,490
944,750071704093859840,7236,3023
945,750056684286914561,2950,817
946,750041628174217216,2957,565
947,750026558547456000,2525,717
948,750011400160841729,3000,819
949,749996283729883136,2826,754
950,749981277374128128,4772,2272
951,749774190421639168,4348,1205
952,749417653287129088,5668,1508
953,749403093750648834,2434,490
954,749395845976588288,7946,3144
955,749317047558017024,5087,2040
956,749075273010798592,5357,1879
957,749064354620928000,4490,1403
958,749036806121881602,2877,728
959,748977405889503236,10002,3124
960,748932637671223296,5398,2053
961,748705597323898880,2581,875
962,748699167502000129,4402,1453
963,748692773788876800,3942,1224
964,748575535303884801,5624,1803
965,748568946752774144,2042,606
966,748346686624440324,4846,1119
967,748337862848962560,7052,3724
968,748324050481647620,3449,689
969,748307329658011649,3437,653
970,748220828303695873,13112,7088
971,747963614829678593,5372,1951
972,747933425676525569,6163,2348
973,747885874273214464,2713,878
974,747844099428986880,2622,674
975,747816857231626240,4491,1053
976,747651430853525504,1271,143
977,747648653817413632,11945,5308
978,747600769478692864,2165,520
979,747594051852075008,3418,946
980,747512671126323200,5119,1470
981,747461612269887489,3583,939
982,747439450712596480,5028,1749
983,747242308580548608,0,2620
984,747219827526344708,4882,1433
985,747204161125646336,3119,828
986,747103485104099331,8869,3615
987,746906459439529985,2714,269
988,746872823977771008,5561,1935
989,746818907684614144,4940,1592
990,746790600704425984,4515,1456
991,746757706116112384,8824,3547
992,746726898085036033,5626,1634
993,746542875601690625,4682,1742
994,746521445350707200,0,898
995,746507379341139972,4339,989
996,746369468511756288,5753,1482
997,746131877086527488,6380,1994
998,746056683365994496,3318,739
999,745789745784041472,3663,963
1000,745712589599014916,6490,2120
1001,745433870967832576,6529,2302
1002,745422732645535745,7933,2190
1003,745314880350101504,6599,2474
1004,745074613265149952,7256,3177
1005,745057283344719872,6738,2050
1006,744995568523612160,2737,566
1007,744971049620602880,7293,2436
1008,744709971296780288,5213,1432
1009,744334592493166593,6327,1925
1010,744234799360020481,144419,70438
1011,744223424764059648,1532,324
1012,743980027717509120,3888,1000
1013,743895849529389061,3398,875
1014,743835915802583040,0,1862
1015,743609206067040256,4153,1268
1016,743595368194129920,16916,5944
1017,743545585370791937,3271,859
1018,743510151680958465,7406,3412
1019,743253157753532416,3925,1117
1020,743222593470234624,5721,1728
1021,743210557239623680,3553,1232
1022,742534281772302336,6548,3272
1023,742528092657332225,4094,1790
1024,742465774154047488,6739,3590
1025,742423170473463808,9074,3411
1026,742385895052087300,6277,1774
1027,742161199639494656,3990,1242
1028,742150209887731712,4707,1396
1029,741793263812808706,4211,1382
1030,741743634094141440,7537,2489
1031,741438259667034112,3411,744
1032,741303864243200000,8111,2910
1033,741099773336379392,9211,5008
1034,741067306818797568,8841,2806
1035,740995100998766593,5816,2462
1036,740711788199743490,3143,859
1037,740699697422163968,2646,706
1038,740676976021798912,16800,6194
1039,740373189193256964,32499,12098
1040,740365076218183684,2247,385
1041,740359016048689152,3046,794
1042,740214038584557568,6175,1780
1043,739979191639244800,18467,5370
1044,739932936087216128,3749,985
1045,739844404073074688,3520,785
1046,739623569819336705,3494,1236
1047,739606147276148736,4979,1491
1048,739544079319588864,36410,19209
1049,739485634323156992,6593,2635
1050,739238157791694849,106923,52701
1051,738891149612572673,89,6
1052,738885046782832640,3497,1042
1053,738883359779196928,3039,720
1054,738537504001953792,4697,1392
1055,738402415918125056,3004,737
1056,738184450748633089,3964,1104
1057,738166403467907072,8059,3032
1058,738156290900254721,2281,584
1059,737826014890496000,4827,1601
1060,737800304142471168,9248,3162
1061,737678689543020544,4623,1195
1062,737445876994609152,9427,4044
1063,737322739594330112,3316,730
1064,737310737551491075,13505,6739
1065,736736130620620800,3870,1538
1066,736392552031657984,16307,6634
1067,736365877722001409,3659,1111
1068,736225175608430592,7477,2539
1069,736010884653420544,7236,2696
1070,735991953473572864,3294,1033
1071,735648611367784448,3722,1008
1072,735635087207878657,5652,2138
1073,735274964362878976,12020,4535
1074,735256018284875776,3056,801
1075,735137028879360001,2873,879
1076,734912297295085568,2541,471
1077,734787690684657664,11546,5747
1078,734776360183431168,2316,487
1079,734559631394082816,1374,353
1080,733828123016450049,3302,714
1081,733822306246479872,3383,923
1082,733482008106668032,2876,852
1083,733460102733135873,3868,1135
1084,733109485275860992,49289,15472
1085,732732193018155009,2225,481
1086,732726085725589504,3289,795
1087,732585889486888962,3353,711
1088,732375214819057664,7420,2278
1089,732005617171337216,13676,4865
1090,731285275100512256,3217,899
1091,731156023742988288,3544,1140
1092,730924654643314689,5631,1781
1093,730573383004487680,4455,1908
1094,730427201120833536,3198,936
1095,730211855403241472,3485,956
1096,730196704625098752,4437,1701
1097,729854734790754305,3713,1014
1098,729838605770891264,1601,338
1099,729823566028484608,3649,1123
1100,729463711119904772,5312,2086
1101,729113531270991872,1737,287
1102,728986383096946689,2881,737
1103,728760639972315136,4285,1537
1104,728751179681943552,2540,614
1105,728653952833728512,3059,946
1106,728409960103686147,4495,1821
1107,728387165835677696,3421,875
1108,728046963732717569,3931,1082
1109,728035342121635841,4159,1507
1110,728015554473250816,3783,990
1111,727685679342333952,2720,573
1112,727644517743104000,5383,1584
1113,727524757080539137,4104,1081
1114,727314416056803329,3061,670
1115,727286334147182592,2822,743
1116,727175381690781696,3588,1240
1117,727155742655025152,3322,1198
1118,726935089318363137,6293,2200
1119,726887082820554753,3527,1367
1120,726828223124897792,3303,914
1121,726224900189511680,4074,1042
1122,725842289046749185,6518,2411
1123,725786712245440512,3845,1242
1124,725729321944506368,4793,1605
1125,725458796924002305,1300,555
1126,724983749226668032,3438,1166
1127,724771698126512129,2152,567
1128,724405726123311104,4867,1509
1129,724049859469295616,3975,1617
1130,724046343203856385,2452,512
1131,724004602748780546,3829,1389
1132,723912936180330496,3586,1124
1133,723688335806480385,7036,2638
1134,723673163800948736,2785,813
1135,723179728551723008,4860,1688
1136,722974582966214656,3762,1431
1137,722613351520608256,4586,1492
1138,721503162398597120,4222,1644
1139,721001180231503872,2342,551
1140,720785406564900865,2859,698
1141,720775346191278080,2252,564
1142,720415127506415616,3785,1358
1143,720389942216527872,5864,2261
1144,720340705894408192,2618,873
1145,720059472081784833,3550,1017
1146,720043174954147842,4568,1814
1147,719991154352222208,4477,1591
1148,719704490224398336,4172,1293
1149,719551379208073216,4644,1708
1150,719367763014393856,2600,686
1151,719339463458033665,4097,1118
1152,719332531645071360,3179,856
1153,718971898235854848,3206,985
1154,718939241951195136,4801,1581
1155,718631497683582976,17320,7216
1156,718613305783398402,2251,427
1157,718540630683709445,2243,920
1158,718460005985447936,2502,474
1159,718454725339934721,4505,1376
1160,718246886998687744,1760,446
1161,718234618122661888,3562,911
1162,717841801130979328,2271,542
1163,717790033953034240,2633,985
1164,717537687239008257,5307,1658
1165,717428917016076293,1475,406
1166,717421804990701568,2887,756
1167,717047459982213120,5797,1734
1168,717009362452090881,2976,867
1169,716802964044845056,3962,1048
1170,716791146589110272,7743,1457
1171,716730379797970944,1131,396
1172,716447146686459905,11984,5305
1173,716439118184652801,2193,189
1174,716285507865542656,2557,964
1175,716080869887381504,6243,1705
1176,715928423106027520,2928,794
1177,715758151270801409,3414,1284
1178,715733265223708672,4280,1526
1179,715704790270025728,2554,512
1180,715696743237730304,3609,1164
1181,715680795826982913,3965,1442
1182,715360349751484417,5035,1409
1183,715342466308784130,2792,622
1184,715220193576927233,2207,587
1185,715200624753819648,4747,1682
1186,715009755312439296,3815,1104
1187,714982300363173890,3427,931
1188,714962719905021952,6746,3833
1189,714957620017307648,3811,1277
1190,714631576617938945,3013,897
1191,714606013974974464,3341,829
1192,714485234495041536,2451,1007
1193,714258258790387713,2817,667
1194,714251586676113411,3023,758
1195,714214115368108032,2111,797
1196,714141408463036416,4000,1278
1197,713919462244790272,3040,720
1198,713909862279876608,1747,484
1199,713900603437621249,2617,661
1200,713761197720473600,4459,1239
1201,713411074226274305,4093,1184
1202,713177543487135744,6644,2587
1203,713175907180089344,4085,1329
1204,712809025985978368,17533,6076
1205,712717840512598017,11308,4504
1206,712668654853337088,3819,1097
1207,712438159032893441,4902,1416
1208,712309440758808576,222,24
1209,712097430750289920,3453,932
1210,712092745624633345,2710,812
1211,712085617388212225,3014,434
1212,712065007010385924,2074,568
1213,711998809858043904,0,121
1214,711968124745228288,7406,2091
1215,711743778164514816,2615,906
1216,711732680602345472,8064,3690
1217,711694788429553666,30242,16599
1218,711652651650457602,3548,819
1219,711363825979756544,3323,1017
1220,711306686208872448,3047,678
1221,711008018775851008,2742,559
1222,710997087345876993,4216,1260
1223,710844581445812225,2350,610
1224,710833117892898816,2466,476
1225,710658690886586372,2138,512
1226,710609963652087808,4427,2154
1227,710588934686908417,4172,1697
1228,710296729921429505,2199,669
1229,710283270106132480,1995,480
1230,710272297844797440,4147,1139
1231,710269109699739648,2196,1013
1232,710153181850935296,2681,808
1233,710140971284037632,2516,800
1234,710117014656950272,5027,1781
1235,709918798883774466,3222,993
1236,709901256215666688,609,92
1237,709852847387627521,3234,1089
1238,709566166965075968,3252,1072
1239,709556954897764353,3022,973
1240,709519240576036864,1385,219
1241,709449600415961088,2022,517
1242,709409458133323776,2424,617
1243,709225125749587968,2204,520
1244,709207347839836162,11412,5172
1245,709198395643068416,2264,589
1246,709179584944730112,1851,608
1247,709158332880297985,1875,366
1248,709042156699303936,4330,1477
1249,708853462201716736,1666,592
1250,708845821941387268,2738,802
1251,708834316713893888,1550,449
1252,708810915978854401,15219,6247
1253,708738143638450176,2538,739
1254,708711088997666817,2334,638
1255,708479650088034305,2338,617
1256,708469915515297792,2850,729
1257,708400866336894977,14667,9054
1258,708356463048204288,3306,1199
1259,708349470027751425,2185,676
1260,708149363256774660,3988,1412
1261,708130923141795840,3098,784
1262,708119489313951744,2478,896
1263,708109389455101952,1800,501
1264,708026248782585858,4066,1749
1265,707995814724026368,2865,1013
1266,707983188426153984,45,2
1267,707969809498152960,2483,867
1268,707776935007539200,3007,872
1269,707741517457260545,2289,555
1270,707738799544082433,3731,2199
1271,707693576495472641,3123,915
1272,707629649552134146,2353,783
1273,707610948723478529,15585,5714
1274,707420581654872064,2070,632
1275,707411934438625280,2112,543
1276,707387676719185920,3217,1147
1277,707377100785885184,3008,974
1278,707315916783140866,2284,578
1279,707297311098011648,2578,709
1280,707059547140169728,2399,619
1281,707038192327901184,2015,716
1282,707021089608753152,3728,1221
1283,707014260413456384,2113,539
1284,706904523814649856,13420,7108
1285,706901761596989440,1883,522
1286,706681918348251136,3025,890
1287,706644897839910912,2344,982
1288,706593038911545345,1982,581
1289,706538006853918722,3188,1287
1290,706516534877929472,2874,929
1291,706346369204748288,3168,842
1292,706310011488698368,19514,7125
1293,706291001778950144,1565,435
1294,706265994973601792,2517,848
1295,706169069255446529,3581,2001
1296,706166467411222528,4718,1447
1297,706153300320784384,1357,343
1298,705975130514706432,2861,662
1299,705970349788291072,2922,795
1300,705898680587526145,2181,494
1301,705786532653883392,1792,466
1302,705591895322394625,2910,1027
1303,705475953783398401,2741,825
1304,705442520700944385,4065,1459
1305,705428427625635840,3508,1517
1306,705239209544720384,2772,677
1307,705223444686888960,2376,712
1308,705102439679201280,1961,473
1309,705066031337840642,2013,556
1310,704871453724954624,3959,1014
1311,704859558691414016,2069,476
1312,704847917308362754,4695,1365
1313,704819833553219584,2447,894
1314,704761120771465216,6126,2620
1315,704499785726889984,2655,902
1316,704491224099647488,689,71
1317,704480331685040129,3150,979
1318,704364645503647744,7329,3226
1319,704347321748819968,1445,313
1320,704134088924532736,1384,412
1321,704113298707505153,1714,520
1322,704054845121142784,2691,841
1323,703774238772166656,1705,404
1324,703769065844768768,3013,1022
1325,703631701117943808,2361,600
1326,703611486317502464,3542,1380
1327,703425003149250560,3499,1220
1328,703407252292673536,2255,623
1329,703382836347330562,3221,1026
1330,703356393781329922,1765,345
1331,703268521220972544,1827,494
1332,703079050210877440,6808,2799
1333,703041949650034688,24315,11298
1334,702932127499816960,2370,651
1335,702899151802126337,1481,411
1336,702684942141153280,2980,964
1337,702671118226825216,2021,508
1338,702598099714314240,11316,3130
1339,702539513671897089,2642,865
1340,702332542343577600,2930,1386
1341,702321140488925184,3027,948
1342,702276748847800320,2279,694
1343,702217446468493312,4389,1222
1344,701981390485725185,3157,888
1345,701952816642965504,3538,928
1346,701889187134500865,3242,1254
1347,701805642395348998,3118,1505
1348,701601587219795968,1926,416
1349,701570477911896070,2575,839
1350,701545186879471618,2448,549
1351,701214700881756160,11261,4631
1352,700890391244103680,2039,510
1353,700864154249383937,2396,556
1354,700847567345688576,2269,449
1355,700796979434098688,2255,857
1356,700747788515020802,21005,8422
1357,700518061187723268,2390,721
1358,700505138482569216,2104,521
1359,700462010979500032,3782,1624
1360,700167517596164096,2428,654
1361,700151421916807169,2054,608
1362,700143752053182464,6914,2430
1363,700062718104104960,2446,611
1364,700029284593901568,1913,529
1365,700002074055016451,3030,1198
1366,699801817392291840,2773,849
1367,699788877217865730,2060,469
1368,699779630832685056,2502,1108
1369,699775878809702401,1807,538
1370,699691744225525762,9449,4153
1371,699446877801091073,5507,2398
1372,699434518667751424,2029,466
1373,699423671849451520,1252,288
1374,699413908797464576,1931,569
1375,699370870310113280,1750,391
1376,699323444782047232,2897,783
1377,699088579889332224,2085,563
1378,699079609774645248,2259,571
1379,699072405256409088,2717,1076
1380,699060279947165696,3424,1619
1381,699036661657767936,2400,1088
1382,698989035503689728,3075,876
1383,698953797952008193,2482,827
1384,698907974262222848,2339,553
1385,698710712454139905,2266,616
1386,698703483621523456,1324,335
1387,698635131305795584,1198,312
1388,698549713696649216,2150,559
1389,698355670425473025,1703,395
1390,698342080612007937,2073,870
1391,698262614669991936,4397,1796
1392,698195409219559425,15505,5441
1393,698178924120031232,2588,674
1394,697995514407682048,1411,305
1395,697990423684476929,3015,1168
1396,697943111201378304,2198,614
1397,697881462549430272,2779,1054
1398,697630435728322560,1597,497
1399,697616773278015490,2889,921
1400,697596423848730625,2771,1133
1401,697575480820686848,1882,453
1402,697516214579523584,1878,993
1403,697482927769255936,2233,599
1404,697463031882764288,3164,1268
1405,697270446429966336,4343,1714
1406,697259378236399616,3041,901
1407,697255105972801536,2847,1053
1408,697242256848379904,2325,616
1409,696900204696625153,2915,937
1410,696894894812565505,2167,615
1411,696886256886657024,4441,1629
1412,696877980375769088,2259,638
1413,696754882863349760,1371,328
1414,696744641916489729,1892,834
1415,696713835009417216,2176,584
1416,696518437233913856,3633,1564
1417,696490539101908992,1136,127
1418,696488710901260288,2306,926
1419,696405997980676096,2925,1051
1420,696100768806522880,1775,584
1421,695816827381944320,2757,1053
1422,695794761660297217,2915,707
1423,695767669421768709,1709,665
1424,695629776980148225,4200,1892
1425,695446424020918272,4086,1651
1426,695409464418041856,7984,3239
1427,695314793360662529,3336,1297
1428,695095422348574720,2454,550
1429,695074328191332352,2609,993
1430,695064344191721472,1477,528
1431,695051054296211456,2431,716
1432,694925794720792577,2494,817
1433,694905863685980160,2534,834
1434,694669722378485760,32992,13061
1435,694356675654983680,1386,251
1436,694352839993344000,1880,540
1437,694342028726001664,1460,432
1438,694329668942569472,1819,449
1439,694206574471057408,3814,1852
1440,694183373896572928,2705,842
1441,694001791655137281,3137,924
1442,693993230313091072,1732,358
1443,693942351086120961,1621,328
1444,693647888581312512,2475,517
1445,693644216740769793,1265,115
1446,693642232151285760,2348,376
1447,693629975228977152,2260,719
1448,693622659251335168,1418,337
1449,693590843962331137,4656,1778
1450,693582294167244802,1517,223
1451,693486665285931008,1626,566
1452,693280720173801472,3085,1122
1453,693267061318012928,2199,731
1454,693262851218264065,2044,452
1455,693231807727280129,2652,671
1456,693155686491000832,7262,2891
1457,693109034023534592,1563,549
1458,693095443459342336,1701,404
1459,692919143163629568,2497,696
1460,692905862751522816,2235,790
1461,692901601640583168,1616,537
1462,692894228850999298,2084,715
1463,692828166163931137,2656,795
1464,692752401762250755,6277,3295
1465,692568918515392513,4031,1392
1466,692535307825213440,2904,1232
1467,692530551048294401,1700,368
1468,692423280028966913,1365,198
1469,692417313023332352,8646,3134
1470,692187005137076224,2332,744
1471,692158366030913536,1971,718
1472,692142790915014657,1508,354
1473,692041934689402880,3117,1130
1474,692017291282812928,2670,870
1475,691820333922455552,3652,1490
1476,691793053716221953,7481,3824
1477,691756958957883396,2598,885
1478,691675652215414786,1796,460
1479,691483041324204033,2199,500
1480,691459709405118465,3726,1021
1481,691444869282295808,2435,751
1482,691416866452082688,17825,6909
1483,691321916024623104,2384,599
1484,691096613310316544,2758,792
1485,691090071332753408,1606,305
1486,690989312272396288,5448,2612
1487,690959652130045952,3312,1112
1488,690938899477221376,3769,1748
1489,690932576555528194,3027,906
1490,690735892932222976,3497,1150
1491,690728923253055490,1998,465
1492,690690673629138944,2150,746
1493,690649993829576704,1199,248
1494,690607260360429569,279,14
1495,690597161306841088,1784,546
1496,690400367696297985,1742,406
1497,690374419777196032,2968,760
1498,690360449368465409,2445,792
1499,690348396616552449,1370,461
1500,690248561355657216,1539,370
1501,690021994562220032,2579,922
1502,690015576308211712,2301,659
1503,690005060500217858,3382,1534
1504,689999384604450816,1304,329
1505,689993469801164801,1349,406
1506,689977555533848577,1265,409
1507,689905486972461056,2255,623
1508,689877686181715968,2796,1044
1509,689835978131935233,2016,688
1510,689661964914655233,2992,850
1511,689659372465688576,9522,3470
1512,689623661272240129,2039,580
1513,689599056876867584,10751,5015
1514,689557536375177216,1899,404
1515,689517482558820352,3123,1296
1516,689289219123089408,2067,846
1517,689283819090870273,3019,1004
1518,689280876073582592,1823,638
1519,689275259254616065,1052,225
1520,689255633275777024,2349,973
1521,689154315265683456,2857,897
1522,689143371370250240,1865,454
1523,688916208532455424,2495,772
1524,688908934925697024,1941,708
1525,688898160958271489,1921,710
1526,688894073864884227,2059,620
1527,688828561667567616,1276,321
1528,688804835492233216,886,170
1529,688789766343622656,2052,604
1530,688547210804498433,2398,627
1531,688519176466644993,2149,657
1532,688385280030670848,8537,4076
1533,688211956440801280,2077,751
1534,688179443353796608,1977,527
1535,688116655151435777,2610,697
1536,688064179421470721,1595,323
1537,687841446767013888,5012,2249
1538,687826841265172480,2518,1009
1539,687818504314159109,2280,862
1540,687807801670897665,2198,657
1541,687732144991551489,1616,595
1542,687704180304273409,2241,764
1543,687664829264453632,1804,470
1544,687494652870668288,1757,527
1545,687480748861947905,1472,221
1546,687476254459715584,1826,481
1547,687460506001633280,1907,491
1548,687399393394311168,1747,551
1549,687317306314240000,18630,8335
1550,687312378585812992,4003,1726
1551,687127927494963200,4967,2049
1552,687124485711986689,2022,461
1553,687109925361856513,5353,2227
1554,687102708889812993,2168,870
1555,687096057537363968,2077,551
1556,686947101016735744,7978,2899
1557,686760001961103360,3239,1256
1558,686749460672679938,3199,1316
1559,686730991906516992,3801,1088
1560,686683045143953408,2607,730
1561,686618349602762752,3409,1237
1562,686606069955735556,1750,490
1563,686394059078897668,1592,631
1564,686386521809772549,3007,791
1565,686377065986265092,2046,514
1566,686358356425093120,1994,599
1567,686286779679375361,3713,1521
1568,686050296934563840,2064,665
1569,686035780142297088,1061,104
1570,686034024800862208,2840,1037
1571,686007916130873345,2277,364
1572,686003207160610816,1678,563
1573,685973236358713344,1936,477
1574,685943807276412928,1498,534
1575,685906723014619143,6891,2584
1576,685681090388975616,1884,110
1577,685667379192414208,2179,508
1578,685663452032069632,2971,1331
1579,685641971164143616,2690,695
1580,685547936038666240,30337,14096
1581,685532292383666176,2803,1045
1582,685325112850124800,8670,3579
1583,685321586178670592,2439,578
1584,685315239903100929,3027,944
1585,685307451701334016,1923,395
1586,685268753634967552,2834,1072
1587,685198997565345792,2139,588
1588,685169283572338688,3777,1274
1589,684969860808454144,2215,326
1590,684959798585110529,6288,2808
1591,684940049151070208,2963,944
1592,684926975086034944,3217,417
1593,684914660081053696,3217,1320
1594,684902183876321280,1717,463
1595,684880619965411328,1920,724
1596,684830982659280897,32323,19644
1597,684800227459624960,2513,902
1598,684594889858887680,8170,3164
1599,684588130326986752,3806,1275
1600,684567543613382656,2758,1101
1601,684538444857667585,2436,855
1602,684481074559381504,3564,1069
1603,684460069371654144,1813,503
1604,684241637099323392,7473,2946
1605,684225744407494656,1142,183
1606,684222868335505415,3511,1240
1607,684200372118904832,1983,945
1608,684195085588783105,1761,456
1609,684188786104872960,3220,1047
1610,684177701129875456,1864,592
1611,684147889187209216,2740,1368
1612,684122891630342144,1862,425
1613,684097758874210310,3782,1297
1614,683857920510050305,3513,1020
1615,683852578183077888,1792,315
1616,683849932751646720,2411,851
1617,683834909291606017,2411,1019
1618,683828599284170753,2584,971
1619,683773439333797890,3070,1218
1620,683742671509258241,5971,2996
1621,683515932363329536,6779,2610
1622,683498322573824003,2928,872
1623,683481228088049664,2444,902
1624,683462770029932544,2240,620
1625,683449695444799489,3576,1456
1626,683391852557561860,7041,2174
1627,683357973142474752,2665,822
1628,683142553609318400,2641,933
1629,683111407806746624,3142,816
1630,683098815881154561,1995,588
1631,683078886620553216,1855,517
1632,683030066213818368,1995,667
1633,682962037429899265,33720,14847
1634,682808988178739200,1625,154
1635,682788441537560576,2280,1016
1636,682750546109968385,1401,398
1637,682697186228989953,1213,333
1638,682662431982772225,2811,987
1639,682638830361513985,1903,534
1640,682429480204398592,3177,1044
1641,682406705142087680,6954,1584
1642,682393905736888321,2067,595
1643,682389078323662849,1538,423
1644,682303737705140231,2815,883
1645,682259524040966145,3803,1078
1646,682242692827447297,2964,1036
1647,682088079302213632,16756,8858
1648,682059653698686977,4533,1526
1649,682047327939461121,2949,847
1650,682032003584274432,6049,1789
1651,682003177596559360,2859,1365
1652,681981167097122816,2594,919
1653,681891461017812993,2267,744
1654,681694085539872773,11795,3681
1655,681679526984871937,1628,399
1656,681654059175129088,2414,819
1657,681610798867845120,1726,416
1658,681579835668455424,3247,1175
1659,681523177663676416,13156,5195
1660,681340665377193984,1516,246
1661,681339448655802368,8548,3694
1662,681320187870711809,2403,671
1663,681302363064414209,3595,1619
1664,681297372102656000,2953,853
1665,681281657291280384,2961,993
1666,681261549936340994,1333,235
1667,681242418453299201,1355,469
1668,681231109724700672,2237,437
1669,681193455364796417,3409,1333
1670,680970795137544192,2209,583
1671,680959110691590145,4212,1818
1672,680940246314430465,2921,935
1673,680934982542561280,1913,391
1674,680913438424612864,2208,562
1675,680889648562991104,1611,323
1676,680836378243002368,3182,1183
1677,680805554198020098,1974,607
1678,680801747103793152,2185,739
1679,680798457301471234,2601,937
1680,680609293079592961,2409,624
1681,680583894916304897,3299,1186
1682,680497766108381184,3884,1729
1683,680494726643068929,1573,438
1684,680473011644985345,2344,669
1685,680440374763077632,1322,440
1686,680221482581123072,1357,260
1687,680206703334408192,2584,1043
1688,680191257256136705,1976,441
1689,680176173301628928,3555,1392
1690,680161097740095489,2136,669
1691,680145970311643136,3310,1557
1692,680130881361686529,2112,854
1693,680115823365742593,2494,822
1694,680100725817409536,3301,1246
1695,680085611152338944,11722,8126
1696,680070545539371008,2382,772
1697,679877062409191424,1792,575
1698,679872969355714560,2009,596
1699,679862121895714818,2245,554
1700,679854723806179328,2611,1099
1701,679844490799091713,2186,687
1702,679828447187857408,33089,12550
1703,679777920601223168,2855,995
1704,679736210798047232,1910,714
1705,679729593985699840,1989,747
1706,679722016581222400,1536,425
1707,679530280114372609,4363,1880
1708,679527802031484928,2421,650
1709,679511351870550016,3068,1143
1710,679503373272485890,2908,1333
1711,679475951516934144,1921,578
1712,679462823135686656,29336,16954
1713,679405845277462528,2157,1073
1714,679158373988876288,19385,7220
1715,679148763231985668,2551,921
1716,679132435750195208,2698,1035
1717,679111216690831360,5417,2308
1718,679062614270468097,15456,7188
1719,679047485189439488,2055,585
1720,679001094530465792,2593,1093
1721,678991772295516161,2063,1015
1722,678969228704284672,1499,408
1723,678800283649069056,2353,817
1724,678798276842360832,3160,1027
1725,678774928607469569,2571,819
1726,678767140346941444,3219,1222
1727,678764513869611008,1479,413
1728,678755239630127104,6468,2921
1729,678740035362037760,3392,1485
1730,678708137298427904,5115,2181
1731,678675843183484930,2598,1317
1732,678643457146150913,1877,359
1733,678446151570427904,3651,1372
1734,678424312106393600,4991,2268
1735,678410210315247616,3819,1608
1736,678399652199309312,73289,28485
1737,678396796259975168,1454,373
1738,678389028614488064,1711,380
1739,678380236862578688,2236,822
1740,678341075375947776,1573,472
1741,678334497360859136,1180,223
1742,678278586130948096,10400,5481
1743,678255464182861824,1446,326
1744,678023323247357953,1739,340
1745,678021115718029313,12347,5612
1746,677961670166224897,3134,1522
1747,677918531514703872,1216,364
1748,677895101218201600,4387,1839
1749,677716515794329600,2784,875
1750,677700003327029250,3111,1286
1751,677698403548192770,1118,286
1752,677687604918272002,2254,754
1753,677673981332312066,3031,1346
1754,677662372920729601,1773,841
1755,677644091929329666,1708,725
1756,677573743309385728,1936,599
1757,677565715327688705,1188,410
1758,677557565589463040,2216,1014
1759,677547928504967168,6308,3287
1760,677530072887205888,966,204
1761,677335745548390400,2755,1546
1762,677334615166730240,1224,251
1763,677331501395156992,986,208
1764,677328882937298944,3329,1342
1765,677314812125323265,1497,471
1766,677301033169788928,1111,354
1767,677269281705472000,1795,636
1768,677228873407442944,3205,1463
1769,677187300187611136,2481,810
1770,676975532580409345,2522,948
1771,676957860086095872,2023,719
1772,676949632774234114,1185,348
1773,676948236477857792,1957,772
1774,676946864479084545,1576,326
1775,676942428000112642,1870,665
1776,676936541936185344,11607,4421
1777,676916996760600576,2689,1611
1778,676897532954456065,2052,649
1779,676864501615042560,1886,623
1780,676821958043033607,20672,13739
1781,676819651066732545,1653,602
1782,676811746707918848,1303,379
1783,676776431406465024,4519,1802
1784,676617503762681856,2612,853
1785,676613908052996102,984,176
1786,676606785097199616,1720,386
1787,676603393314578432,1039,339
1788,676593408224403456,4129,1886
1789,676590572941893632,840,110
1790,676588346097852417,2080,698
1791,676582956622721024,1077,251
1792,676575501977128964,2328,986
1793,676533798876651520,1698,488
1794,676496375194980353,1373,471
1795,676470639084101634,10558,4169
1796,676440007570247681,1562,588
1797,676430933382295552,1264,302
1798,676263575653122048,1892,483
1799,676237365392908289,1090,250
1800,676219687039057920,70768,27681
1801,676215927814406144,1573,516
1802,676191832485810177,2053,916
1803,676146341966438401,1751,585
1804,676121918416756736,1962,1025
1805,676101918813499392,2580,1048
1806,676098748976615425,2678,1246
1807,676089483918516224,1183,390
1808,675898130735476737,1445,506
1809,675891555769696257,1922,763
1810,675888385639251968,2115,838
1811,675878199931371520,3780,1237
1812,675870721063669760,1465,497
1813,675853064436391936,2418,1132
1814,675849018447167488,864,123
1815,675845657354215424,2045,776
1816,675822767435051008,1385,474
1817,675820929667219457,956,206
1818,675798442703122432,9297,3039
1819,675781562965868544,1453,418
1820,675740360753160193,1058,295
1821,675710890956750848,1686,717
1822,675707330206547968,1785,597
1823,675706639471788032,583,85
1824,675534494439489536,1663,361
1825,675531475945709568,1066,329
1826,675522403582218240,939,249
1827,675517828909424640,1149,407
1828,675501075957489664,15522,5208
1829,675497103322386432,2818,1130
1830,675489971617296384,1149,526
1831,675483430902214656,1662,853
1832,675432746517426176,1360,501
1833,675372240448454658,1526,452
1834,675362609739206656,941,192
1835,675354435921575936,29430,14869
1836,675349384339542016,3527,1998
1837,675334060156301312,2484,1128
1838,675166823650848770,3166,1383
1839,675153376133427200,5586,2259
1840,675149409102012420,3351,1496
1841,675147105808306176,841,196
1842,675146535592706048,1052,255
1843,675145476954566656,1914,779
1844,675135153782571009,1164,411
1845,675113801096802304,1735,686
1846,675111688094527488,867,213
1847,675109292475830276,2518,996
1848,675047298674663426,931,275
1849,675015141583413248,2408,1034
1850,675006312288268288,875,200
1851,675003128568291329,1390,406
1852,674999807681908736,1991,952
1853,674805413498527744,760,316
1854,674800520222154752,2694,748
1855,674793399141146624,2219,950
1856,674790488185167872,984,217
1857,674788554665512960,720,181
1858,674781762103414784,1805,1043
1859,674774481756377088,983,406
1860,674767892831932416,1627,689
1861,674764817387900928,700,200
1862,674754018082705410,1229,382
1863,674752233200820224,1309,400
1864,674743008475090944,1259,465
1865,674742531037511680,431,44
1866,674739953134403584,970,326
1867,674737130913071104,580,80
1868,674690135443775488,1024,411
1869,674670581682434048,1447,565
1870,674664755118911488,810,205
1871,674646392044941312,1281,430
1872,674644256330530816,927,241
1873,674638615994089473,1517,509
1874,674632714662858753,1340,501
1875,674606911342424069,840,86
1876,674468880899788800,5552,1776
1877,674447403907457024,954,314
1878,674436901579923456,989,344
1879,674422304705744896,1281,464
1880,674416750885273600,611,115
1881,674410619106390016,1066,400
1882,674394782723014656,1335,487
1883,674372068062928900,766,280
1884,674330906434379776,505,65
1885,674318007229923329,1251,449
1886,674307341513269249,10123,6020
1887,674291837063053312,13162,5131
1888,674271431610523648,1394,645
1889,674269164442398721,825,202
1890,674265582246694913,1456,728
1891,674262580978937856,1178,383
1892,674255168825880576,1300,464
1893,674082852460433408,682,144
1894,674075285688614912,886,245
1895,674063288070742018,5714,1907
1896,674053186244734976,2949,1128
1897,674051556661161984,1292,431
1898,674045139690631169,1268,565
1899,674042553264685056,636,109
1900,674038233588723717,976,366
1901,674036086168010753,761,181
1902,674024893172875264,1583,1085
1903,674019345211760640,1013,264
1904,674014384960745472,1387,559
1905,674008982932058114,1084,300
1906,673956914389192708,1748,835
1907,673919437611909120,1058,325
1908,673906403526995968,2843,1428
1909,673887867907739649,841,220
1910,673716320723169284,2782,669
1911,673715861853720576,3165,1807
1912,673711475735838725,938,265
1913,673709992831262724,751,236
1914,673708611235921920,952,253
1915,673707060090052608,989,346
1916,673705679337693185,1124,358
1917,673700254269775872,1282,500
1918,673697980713705472,3511,1692
1919,673689733134946305,1541,569
1920,673688752737402881,1125,438
1921,673686845050527744,1275,377
1922,673680198160809984,1229,415
1923,673662677122719744,1124,328
1924,673656262056419329,650,198
1925,673636718965334016,994,307
1926,673612854080196609,1426,630
1927,673583129559498752,1062,313
1928,673580926094458881,738,238
1929,673576835670777856,1229,486
1930,673363615379013632,931,266
1931,673359818736984064,1287,592
1932,673355879178194945,1342,491
1933,673352124999274496,1493,472
1934,673350198937153538,683,184
1935,673345638550134785,2227,1100
1936,673343217010679808,856,235
1937,673342308415348736,1135,492
1938,673320132811366400,11946,6871
1939,673317986296586240,781,216
1940,673295268553605120,6717,2744
1941,673270968295534593,957,312
1942,673240798075449344,1276,614
1943,673213039743795200,1969,724
1944,673148804208660480,1488,547
1945,672997845381865473,1753,630
1946,672995267319328768,845,251
1947,672988786805112832,873,253
1948,672984142909456390,1117,470
1949,672980819271634944,1624,888
1950,672975131468300288,1498,775
1951,672970152493887488,837,302
1952,672968025906282496,1184,469
1953,672964561327235073,1261,557
1954,672902681409806336,1232,422
1955,672898206762672129,794,363
1956,672884426393653248,1367,728
1957,672877615439593473,908,301
1958,672834301050937345,1151,503
1959,672828477930868736,1109,418
1960,672640509974827008,873,270
1961,672622327801233409,1147,420
1962,672614745925664768,1088,510
1963,672609152938721280,970,338
1964,672604026190569472,968,335
1965,672594978741354496,1179,529
1966,672591762242805761,842,284
1967,672591271085670400,640,157
1968,672538107540070400,900,316
1969,672523490734551040,552,146
1970,672488522314567680,990,371
1971,672482722825261057,990,518
1972,672481316919734272,639,110
1973,672475084225949696,1294,606
1974,672466075045466113,1192,447
1975,672272411274932228,5701,2925
1976,672267570918129665,1313,535
1977,672264251789176834,1011,285
1978,672256522047614977,2510,1325
1979,672254177670729728,1273,647
1980,672248013293752320,1527,520
1981,672245253877968896,607,131
1982,672239279297454080,805,275
1983,672231046314901505,1618,876
1984,672222792075620352,700,176
1985,672205392827572224,1982,1006
1986,672169685991993344,909,318
1987,672160042234327040,765,304
1988,672139350159835138,1540,593
1989,672125275208069120,2117,986
1990,672095186491711488,875,328
1991,672082170312290304,836,318
1992,672068090318987265,1135,439
1993,671896809300709376,7600,3667
1994,671891728106971137,1169,480
1995,671882082306625538,3097,1205
1996,671879137494245376,1244,570
1997,671874878652489728,1103,478
1998,671866342182637568,995,418
1999,671855973984772097,791,371
2000,671789708968640512,6304,2994
2001,671768281401958400,1049,434
2002,671763349865160704,1493,773
2003,671744970634719232,1206,662
2004,671743150407421952,674,200
2005,671735591348891648,1285,652
2006,671729906628341761,7481,3793
2007,671561002136281088,11366,6307
2008,671550332464455680,810,183
2009,671547767500775424,1202,496
2010,671544874165002241,1728,888
2011,671542985629241344,965,483
2012,671538301157904385,837,334
2013,671536543010570240,1036,343
2014,671533943490011136,896,494
2015,671528761649688577,737,215
2016,671520732782923777,1217,454
2017,671518598289059840,830,252
2018,671511350426865664,1423,605
2019,671504605491109889,6226,3114
2020,671497587707535361,825,388
2021,671488513339211776,885,413
2022,671486386088865792,509,173
2023,671485057807351808,677,195
2024,671390180817915904,1280,651
2025,671362598324076544,974,257
2026,671357843010908160,351,133
2027,671355857343524864,420,104
2028,671347597085433856,833,370
2029,671186162933985280,640,176
2030,671182547775299584,978,283
2031,671166507850801152,779,301
2032,671163268581498880,1456,965
2033,671159727754231808,313,68
2034,671154572044468225,624,186
2035,671151324042559489,587,126
2036,671147085991960577,583,191
2037,671141549288370177,1021,569
2038,671138694582165504,822,340
2039,671134062904504320,653,162
2040,671122204919246848,3083,2183
2041,671115716440031232,1214,670
2042,671109016219725825,1004,377
2043,670995969505435648,968,241
2044,670842764863651840,22038,7559
2045,670840546554966016,523,165
2046,670838202509447168,981,598
2047,670833812859932673,382,109
2048,670832455012716544,647,184
2049,670826280409919488,4861,3495
2050,670823764196741120,674,159
2051,670822709593571328,544,83
2052,670815497391357952,2776,1314
2053,670811965569282048,983,230
2054,670807719151067136,1052,425
2055,670804601705242624,1735,815
2056,670803562457407488,302,77
2057,670797304698376195,659,203
2058,670792680469889025,732,237
2059,670789397210615808,583,210
2060,670786190031921152,527,169
2061,670783437142401025,722,330
2062,670782429121134593,1347,655
2063,670780561024270336,700,249
2064,670778058496974848,297,62
2065,670764103623966721,958,371
2066,670755717859713024,392,87
2067,670733412878163972,848,446
2068,670727704916926465,736,312
2069,670717338665226240,1050,416
2070,670704688707301377,686,318
2071,670691627984359425,517,208
2072,670679630144274432,664,241
2073,670676092097810432,214,35
2074,670668383499735048,9438,4304
2075,670474236058800128,1337,631
2076,670468609693655041,313,77
2077,670465786746662913,852,467
2078,670452855871037440,489,174
2079,670449342516494336,1074,567
2080,670444955656130560,6047,1739
2081,670442337873600512,580,175
2082,670435821946826752,937,435
2083,670434127938719744,1255,560
2084,670433248821026816,294,100
2085,670428280563085312,1230,520
2086,670427002554466305,462,141
2087,670421925039075328,1142,549
2088,670420569653809152,538,265
2089,670417414769758208,501,280
2090,670411370698022913,1792,766
2091,670408998013820928,484,187
2092,670403879788544000,376,128
2093,670385711116361728,489,173
2094,670374371102445568,669,236
2095,670361874861563904,288,55
2096,670338931251150849,373,96
2097,670319130621435904,3466,1065
2098,670303360680108032,382,107
2099,670290420111441920,622,249
2100,670093938074779648,908,276
2101,670086499208155136,620,217
2102,670079681849372674,1956,1055
2103,670073503555706880,1384,677
2104,670069087419133954,551,205
2105,670061506722140161,665,290
2106,670055038660800512,592,279
2107,670046952931721218,576,151
2108,670040295598354432,658,96
2109,670037189829525505,527,240
2110,670003130994700288,295,77
2111,669993076832759809,284,70
2112,669972011175813120,392,133
2113,669970042633789440,271,43
2114,669942763794931712,444,131
2115,669926384437997569,338,81
2116,669923323644657664,202,50
2117,669753178989142016,705,340
2118,669749430875258880,227,55
2119,669684865554620416,446,74
2120,669683899023405056,338,93
2121,669682095984410625,312,115
2122,669680153564442624,585,241
2123,669661792646373376,714,365
2124,669625907762618368,3113,1563
2125,669603084620980224,845,316
2126,669597912108789760,446,131
2127,669583744538451968,1316,800
2128,669573570759163904,388,120
2129,669571471778410496,1406,878
2130,669567591774625800,202,45
2131,669564461267722241,336,104
2132,669393256313184256,313,62
2133,669375718304980992,1174,626
2134,669371483794317312,434,148
2135,669367896104181761,404,129
2136,669363888236994561,557,201
2137,669359674819481600,329,103
2138,669354382627049472,2380,1092
2139,669353438988365824,562,226
2140,669351434509529089,376,153
2141,669328503091937280,905,365
2142,669327207240699904,496,101
2143,669324657376567296,438,182
2144,669216679721873412,1053,346
2145,669214165781868544,384,135
2146,669203728096960512,887,406
2147,669037058363662336,571,264
2148,669015743032369152,650,323
2149,669006782128353280,509,209
2150,669000397445533696,18649,5508
2151,668994913074286592,390,188
2152,668992363537309700,657,292
2153,668989615043424256,594,288
2154,668988183816871936,797,389
2155,668986018524233728,477,140
2156,668981893510119424,479,258
2157,668979806671884288,701,293
2158,668975677807423489,1151,495
2159,668967877119254528,127,18
2160,668960084974809088,618,209
2161,668955713004314625,241,63
2162,668932921458302977,227,50
2163,668902994700836864,275,87
2164,668892474547511297,353,126
2165,668872652652679168,475,268
2166,668852170888998912,409,139
2167,668826086256599040,381,112
2168,668815180734689280,492,225
2169,668779399630725120,627,325
2170,668655139528511488,470,188
2171,668645506898350081,773,457
2172,668643542311546881,783,446
2173,668641109086707712,942,466
2174,668636665813057536,919,435
2175,668633411083464705,2457,1377
2176,668631377374486528,616,280
2177,668627278264475648,281,97
2178,668625577880875008,328,111
2179,668623201287675904,1244,653
2180,668620235289837568,181,35
2181,668614819948453888,543,272
2182,668587383441514497,1474,918
2183,668567822092664832,206,46
2184,668544745690562560,452,197
2185,668542336805281792,403,181
2186,668537837512433665,226,61
2187,668528771708952576,402,189
2188,668507509523615744,278,87
2189,668496999348633600,359,114
2190,668484198282485761,371,207
2191,668480044826800133,394,127
2192,668466899341221888,768,439
2193,668297328638447616,557,255
2194,668291999406125056,213,28
2195,668286279830867968,436,116
2196,668274247790391296,719,196
2197,668268907921326080,483,206
2198,668256321989451776,1150,516
2199,668248472370458624,840,406
2200,668237644992782336,5431,2414
2201,668226093875376128,247,85
2202,668221241640230912,452,168
2203,668204964695683073,488,171
2204,668190681446379520,576,171
2205,668171859951755264,424,162
2206,668154635664932864,439,273
2207,668142349051129856,509,239
2208,668113020489474048,582,207
2209,667937095915278337,1114,690
2210,667924896115245057,264,95
2211,667915453470232577,184,46
2212,667911425562669056,430,245
2213,667902449697558528,757,334
2214,667886921285246976,1647,907
2215,667885044254572545,729,398
2216,667878741721415682,348,101
2217,667873844930215936,550,338
2218,667866724293877760,2711,898
2219,667861340749471744,222,69
2220,667832474953625600,255,54
2221,667806454573760512,928,417
2222,667801013445750784,283,81
2223,667793409583771648,607,286
2224,667782464991965184,363,210
2225,667773195014021121,204,44
2226,667766675769573376,372,185
2227,667728196545200128,324,126
2228,667724302356258817,423,268
2229,667550904950915073,0,28
2230,667550882905632768,0,25
2231,667549055577362432,5094,1944
2232,667546741521195010,303,106
2233,667544320556335104,761,457
2234,667538891197542400,175,58
2235,667534815156183040,716,443
2236,667530908589760512,410,206
2237,667524857454854144,1497,965
2238,667517642048163840,332,165
2239,667509364010450944,6046,1858
2240,667502640335572993,484,193
2241,667495797102141441,457,231
2242,667491009379606528,456,189
2243,667470559035432960,225,85
2244,667455448082227200,171,53
2245,667453023279554560,279,73
2246,667443425659232256,681,486
2247,667437278097252352,396,197
2248,667435689202614272,267,76
2249,667405339315146752,410,196
2250,667393430834667520,168,50
2251,667369227918143488,328,144
2252,667211855547486208,425,209
2253,667200525029539841,544,227
2254,667192066997374976,332,86
2255,667188689915760640,643,330
2256,667182792070062081,12505,5254
2257,667177989038297088,166,48
2258,667176164155375616,525,386
2259,667174963120574464,218,69
2260,667171260800061440,186,72
2261,667165590075940865,2376,965
2262,667160273090932737,219,50
2263,667152164079423490,42181,14570
2264,667138269671505920,4003,1862
2265,667119796878725120,284,105
2266,667090893657276420,286,105
2267,667073648344346624,351,103
2268,667070482143944705,72,13
2269,667065535570550784,143,40
2270,667062181243039745,192,45
2271,667044094246576128,163,43
2272,667012601033924608,394,186
2273,666996132027977728,213,79
2274,666983947667116034,2243,843
2275,666837028449972224,702,467
2276,666835007768551424,183,65
2277,666826780179869698,218,79
2278,666817836334096384,442,209
2279,666804364988780544,206,78
2280,666786068205871104,657,409
2281,666781792255496192,325,168
2282,666776908487630848,303,148
2283,666739327293083650,207,59
2284,666701168228331520,371,182
2285,666691418707132416,158,42
2286,666649482315059201,993,524
2287,666644823164719104,208,69
2288,666454714377183233,447,179
2289,666447344410484738,90,19
2290,666437273139982337,106,40
2291,666435652385423360,137,42
2292,666430724426358785,276,160
2293,666428276349472768,139,67
2294,666421158376562688,272,91
2295,666418789513326592,107,39
2296,666411507551481857,371,262
2297,666407126856765440,93,30
2298,666396247373291520,147,68
2299,666373753744588802,162,73
2300,666362758909284353,649,468
2301,666353288456101888,179,56
2302,666345417576210432,241,122
2303,666337882303524864,168,79
2304,666293911632134144,425,289
2305,666287406224695296,123,56
2306,666273097616637952,151,66
2307,666268910803644416,99,38
2308,666104133288665088,12850,5459
2309,666102155909144576,66,11
2310,666099513787052032,133,53
2311,666094000022159362,142,63
2312,666082916733198337,92,37
2313,666073100786774016,274,130
2314,666071193221509120,127,51
2315,666063827256086533,395,180
2316,666058600524156928,99,47
2317,666057090499244032,247,112
2318,666055525042405380,367,196
2319,666051853826850816,1023,700
2320,666050758794694657,115,50
2321,666049248165822465,88,36
2322,666044226329800704,246,115
2323,666033412701032449,100,36
2324,666029285002620928,112,39
2325,666020888022790149,2285,421
